22
1
26
2
1
1
24
56
12
15
1
3
2
262
75
17
6
1
5
2
1
2
26
1
46
25
41
21
23
20
1
23
16
19
1
2
40
3
1
14
2
1
17
3
2
1
39
13
1
5
21
21
17
2
4
28
1
28
2
1
2
2
2
26
0
49
2
1
3
6
2
19
5
15
10
1
1
1
1
5
1
2
1
2
2
2
1
8
2
2
1
1
10
2
8
3
1
1
1
5
1
5
1
1
5
10
1
1
2
2
8
24
1
9
1
9
1
2
1
2
1
6
3
5
1
1
1
5
14
3
1
1
3
6
1
5
1
1
2
1
1
1
4
1
2
5
4
5
5
6
2
3
2
2
2
3
2
14
4
2
1
5
2
2
7
15
13
2
1
1
2
2
1
4
6
4
1
3
1
2
1
4
1
1
2
11
2
2
7
6
4
19
1
9
1
1
4
1
1
1
1
2
1
2
1
1
38
1
2
6
3
2
1
2
1
6
1
2
3
1
2
3
1
1
4
2
1
1
1
1
2
2
3
2
3
1
3
1
1
1
1
2
1
1
1
8
1
3
5
15
1
1
9
2
4
2
1
1
1
1
1
1
1
2
1
1